{
 "cells": [
  {
   "cell_type": "code",
   "execution_count": 1,
   "metadata": {},
   "outputs": [],
   "source": [
    "import numpy as np\n",
    "import pandas as pd\n",
    "import matplotlib.pyplot as plt\n",
    "import seaborn as sns\n",
    "from sklearn.model_selection import train_test_split , KFold , cross_val_score,GridSearchCV\n",
    "from sklearn.preprocessing import StandardScaler\n",
    "from sklearn.linear_model import LinearRegression , SGDRegressor , Ridge, Lasso,ElasticNet , BayesianRidge,RANSACRegressor,HuberRegressor\n",
    "from sklearn.ensemble import RandomForestRegressor , AdaBoostRegressor , BaggingRegressor  ,GradientBoostingRegressor ,ExtraTreesRegressor\n",
    "from sklearn.neighbors import KNeighborsRegressor\n",
    "from sklearn.tree import DecisionTreeRegressor\n",
    "from xgboost import XGBRegressor\n",
    "from sklearn.decomposition import PCA ,KernelPCA\n",
    "from sklearn.metrics import mean_squared_error , r2_score\n",
    "from sklearn.pipeline import Pipeline"
   ]
  },
  {
   "cell_type": "code",
   "execution_count": 2,
   "metadata": {},
   "outputs": [],
   "source": [
    "data = pd.read_csv(\"kc_house_data.csv\")"
   ]
  },
  {
   "cell_type": "code",
   "execution_count": 3,
   "metadata": {},
   "outputs": [
    {
     "data": {
      "text/html": [
       "<div>\n",
       "<style scoped>\n",
       "    .dataframe tbody tr th:only-of-type {\n",
       "        vertical-align: middle;\n",
       "    }\n",
       "\n",
       "    .dataframe tbody tr th {\n",
       "        vertical-align: top;\n",
       "    }\n",
       "\n",
       "    .dataframe thead th {\n",
       "        text-align: right;\n",
       "    }\n",
       "</style>\n",
       "<table border=\"1\" class=\"dataframe\">\n",
       "  <thead>\n",
       "    <tr style=\"text-align: right;\">\n",
       "      <th></th>\n",
       "      <th>id</th>\n",
       "      <th>date</th>\n",
       "      <th>price</th>\n",
       "      <th>bedrooms</th>\n",
       "      <th>bathrooms</th>\n",
       "      <th>sqft_living</th>\n",
       "      <th>sqft_lot</th>\n",
       "      <th>floors</th>\n",
       "      <th>waterfront</th>\n",
       "      <th>view</th>\n",
       "      <th>...</th>\n",
       "      <th>grade</th>\n",
       "      <th>sqft_above</th>\n",
       "      <th>sqft_basement</th>\n",
       "      <th>yr_built</th>\n",
       "      <th>yr_renovated</th>\n",
       "      <th>zipcode</th>\n",
       "      <th>lat</th>\n",
       "      <th>long</th>\n",
       "      <th>sqft_living15</th>\n",
       "      <th>sqft_lot15</th>\n",
       "    </tr>\n",
       "  </thead>\n",
       "  <tbody>\n",
       "    <tr>\n",
       "      <th>0</th>\n",
       "      <td>7129300520</td>\n",
       "      <td>20141013T000000</td>\n",
       "      <td>221900.0</td>\n",
       "      <td>3</td>\n",
       "      <td>1.00</td>\n",
       "      <td>1180</td>\n",
       "      <td>5650</td>\n",
       "      <td>1.0</td>\n",
       "      <td>0</td>\n",
       "      <td>0</td>\n",
       "      <td>...</td>\n",
       "      <td>7</td>\n",
       "      <td>1180.0</td>\n",
       "      <td>0</td>\n",
       "      <td>1955</td>\n",
       "      <td>0</td>\n",
       "      <td>98178</td>\n",
       "      <td>47.5112</td>\n",
       "      <td>-122.257</td>\n",
       "      <td>1340</td>\n",
       "      <td>5650</td>\n",
       "    </tr>\n",
       "    <tr>\n",
       "      <th>1</th>\n",
       "      <td>6414100192</td>\n",
       "      <td>20141209T000000</td>\n",
       "      <td>538000.0</td>\n",
       "      <td>3</td>\n",
       "      <td>2.25</td>\n",
       "      <td>2570</td>\n",
       "      <td>7242</td>\n",
       "      <td>2.0</td>\n",
       "      <td>0</td>\n",
       "      <td>0</td>\n",
       "      <td>...</td>\n",
       "      <td>7</td>\n",
       "      <td>2170.0</td>\n",
       "      <td>400</td>\n",
       "      <td>1951</td>\n",
       "      <td>1991</td>\n",
       "      <td>98125</td>\n",
       "      <td>47.7210</td>\n",
       "      <td>-122.319</td>\n",
       "      <td>1690</td>\n",
       "      <td>7639</td>\n",
       "    </tr>\n",
       "    <tr>\n",
       "      <th>2</th>\n",
       "      <td>5631500400</td>\n",
       "      <td>20150225T000000</td>\n",
       "      <td>180000.0</td>\n",
       "      <td>2</td>\n",
       "      <td>1.00</td>\n",
       "      <td>770</td>\n",
       "      <td>10000</td>\n",
       "      <td>1.0</td>\n",
       "      <td>0</td>\n",
       "      <td>0</td>\n",
       "      <td>...</td>\n",
       "      <td>6</td>\n",
       "      <td>770.0</td>\n",
       "      <td>0</td>\n",
       "      <td>1933</td>\n",
       "      <td>0</td>\n",
       "      <td>98028</td>\n",
       "      <td>47.7379</td>\n",
       "      <td>-122.233</td>\n",
       "      <td>2720</td>\n",
       "      <td>8062</td>\n",
       "    </tr>\n",
       "    <tr>\n",
       "      <th>3</th>\n",
       "      <td>2487200875</td>\n",
       "      <td>20141209T000000</td>\n",
       "      <td>604000.0</td>\n",
       "      <td>4</td>\n",
       "      <td>3.00</td>\n",
       "      <td>1960</td>\n",
       "      <td>5000</td>\n",
       "      <td>1.0</td>\n",
       "      <td>0</td>\n",
       "      <td>0</td>\n",
       "      <td>...</td>\n",
       "      <td>7</td>\n",
       "      <td>1050.0</td>\n",
       "      <td>910</td>\n",
       "      <td>1965</td>\n",
       "      <td>0</td>\n",
       "      <td>98136</td>\n",
       "      <td>47.5208</td>\n",
       "      <td>-122.393</td>\n",
       "      <td>1360</td>\n",
       "      <td>5000</td>\n",
       "    </tr>\n",
       "    <tr>\n",
       "      <th>4</th>\n",
       "      <td>1954400510</td>\n",
       "      <td>20150218T000000</td>\n",
       "      <td>510000.0</td>\n",
       "      <td>3</td>\n",
       "      <td>2.00</td>\n",
       "      <td>1680</td>\n",
       "      <td>8080</td>\n",
       "      <td>1.0</td>\n",
       "      <td>0</td>\n",
       "      <td>0</td>\n",
       "      <td>...</td>\n",
       "      <td>8</td>\n",
       "      <td>1680.0</td>\n",
       "      <td>0</td>\n",
       "      <td>1987</td>\n",
       "      <td>0</td>\n",
       "      <td>98074</td>\n",
       "      <td>47.6168</td>\n",
       "      <td>-122.045</td>\n",
       "      <td>1800</td>\n",
       "      <td>7503</td>\n",
       "    </tr>\n",
       "  </tbody>\n",
       "</table>\n",
       "<p>5 rows × 21 columns</p>\n",
       "</div>"
      ],
      "text/plain": [
       "           id             date     price  bedrooms  bathrooms  sqft_living  \\\n",
       "0  7129300520  20141013T000000  221900.0         3       1.00         1180   \n",
       "1  6414100192  20141209T000000  538000.0         3       2.25         2570   \n",
       "2  5631500400  20150225T000000  180000.0         2       1.00          770   \n",
       "3  2487200875  20141209T000000  604000.0         4       3.00         1960   \n",
       "4  1954400510  20150218T000000  510000.0         3       2.00         1680   \n",
       "\n",
       "   sqft_lot  floors  waterfront  view  ...  grade  sqft_above  sqft_basement  \\\n",
       "0      5650     1.0           0     0  ...      7      1180.0              0   \n",
       "1      7242     2.0           0     0  ...      7      2170.0            400   \n",
       "2     10000     1.0           0     0  ...      6       770.0              0   \n",
       "3      5000     1.0           0     0  ...      7      1050.0            910   \n",
       "4      8080     1.0           0     0  ...      8      1680.0              0   \n",
       "\n",
       "   yr_built  yr_renovated  zipcode      lat     long  sqft_living15  \\\n",
       "0      1955             0    98178  47.5112 -122.257           1340   \n",
       "1      1951          1991    98125  47.7210 -122.319           1690   \n",
       "2      1933             0    98028  47.7379 -122.233           2720   \n",
       "3      1965             0    98136  47.5208 -122.393           1360   \n",
       "4      1987             0    98074  47.6168 -122.045           1800   \n",
       "\n",
       "   sqft_lot15  \n",
       "0        5650  \n",
       "1        7639  \n",
       "2        8062  \n",
       "3        5000  \n",
       "4        7503  \n",
       "\n",
       "[5 rows x 21 columns]"
      ]
     },
     "execution_count": 3,
     "metadata": {},
     "output_type": "execute_result"
    }
   ],
   "source": [
    "data.head()"
   ]
  },
  {
   "cell_type": "code",
   "execution_count": 4,
   "metadata": {},
   "outputs": [
    {
     "name": "stdout",
     "output_type": "stream",
     "text": [
      "<class 'pandas.core.frame.DataFrame'>\n",
      "RangeIndex: 21613 entries, 0 to 21612\n",
      "Data columns (total 21 columns):\n",
      " #   Column         Non-Null Count  Dtype  \n",
      "---  ------         --------------  -----  \n",
      " 0   id             21613 non-null  int64  \n",
      " 1   date           21613 non-null  object \n",
      " 2   price          21613 non-null  float64\n",
      " 3   bedrooms       21613 non-null  int64  \n",
      " 4   bathrooms      21613 non-null  float64\n",
      " 5   sqft_living    21613 non-null  int64  \n",
      " 6   sqft_lot       21613 non-null  int64  \n",
      " 7   floors         21613 non-null  float64\n",
      " 8   waterfront     21613 non-null  int64  \n",
      " 9   view           21613 non-null  int64  \n",
      " 10  condition      21613 non-null  int64  \n",
      " 11  grade          21613 non-null  int64  \n",
      " 12  sqft_above     21611 non-null  float64\n",
      " 13  sqft_basement  21613 non-null  int64  \n",
      " 14  yr_built       21613 non-null  int64  \n",
      " 15  yr_renovated   21613 non-null  int64  \n",
      " 16  zipcode        21613 non-null  int64  \n",
      " 17  lat            21613 non-null  float64\n",
      " 18  long           21613 non-null  float64\n",
      " 19  sqft_living15  21613 non-null  int64  \n",
      " 20  sqft_lot15     21613 non-null  int64  \n",
      "dtypes: float64(6), int64(14), object(1)\n",
      "memory usage: 3.5+ MB\n"
     ]
    }
   ],
   "source": [
    "data.info()"
   ]
  },
  {
   "cell_type": "code",
   "execution_count": 5,
   "metadata": {},
   "outputs": [
    {
     "data": {
      "text/plain": [
       "1"
      ]
     },
     "execution_count": 5,
     "metadata": {},
     "output_type": "execute_result"
    }
   ],
   "source": [
    "data.isna().any().sum()"
   ]
  },
  {
   "cell_type": "code",
   "execution_count": 6,
   "metadata": {},
   "outputs": [],
   "source": [
    "data.fillna(0,inplace = True)"
   ]
  },
  {
   "cell_type": "markdown",
   "metadata": {},
   "source": [
    "#  Feature Creation"
   ]
  },
  {
   "cell_type": "code",
   "execution_count": 7,
   "metadata": {},
   "outputs": [
    {
     "data": {
      "text/html": [
       "<div>\n",
       "<style scoped>\n",
       "    .dataframe tbody tr th:only-of-type {\n",
       "        vertical-align: middle;\n",
       "    }\n",
       "\n",
       "    .dataframe tbody tr th {\n",
       "        vertical-align: top;\n",
       "    }\n",
       "\n",
       "    .dataframe thead th {\n",
       "        text-align: right;\n",
       "    }\n",
       "</style>\n",
       "<table border=\"1\" class=\"dataframe\">\n",
       "  <thead>\n",
       "    <tr style=\"text-align: right;\">\n",
       "      <th></th>\n",
       "      <th>price</th>\n",
       "      <th>bedrooms</th>\n",
       "      <th>bathrooms</th>\n",
       "      <th>sqft_living</th>\n",
       "      <th>sqft_lot</th>\n",
       "      <th>floors</th>\n",
       "      <th>waterfront</th>\n",
       "      <th>view</th>\n",
       "      <th>condition</th>\n",
       "      <th>grade</th>\n",
       "      <th>sqft_above</th>\n",
       "      <th>sqft_basement</th>\n",
       "      <th>zipcode</th>\n",
       "      <th>lat</th>\n",
       "      <th>long</th>\n",
       "      <th>sqft_living15</th>\n",
       "      <th>sqft_lot15</th>\n",
       "      <th>age</th>\n",
       "      <th>renov_age</th>\n",
       "    </tr>\n",
       "  </thead>\n",
       "  <tbody>\n",
       "    <tr>\n",
       "      <th>0</th>\n",
       "      <td>221900.0</td>\n",
       "      <td>3.0</td>\n",
       "      <td>1.00</td>\n",
       "      <td>1180.0</td>\n",
       "      <td>5650.0</td>\n",
       "      <td>1.0</td>\n",
       "      <td>0.0</td>\n",
       "      <td>0.0</td>\n",
       "      <td>3.0</td>\n",
       "      <td>7.0</td>\n",
       "      <td>1180.0</td>\n",
       "      <td>0.0</td>\n",
       "      <td>98178.0</td>\n",
       "      <td>47.5112</td>\n",
       "      <td>-122.257</td>\n",
       "      <td>1340.0</td>\n",
       "      <td>5650.0</td>\n",
       "      <td>59.0</td>\n",
       "      <td>0.0</td>\n",
       "    </tr>\n",
       "    <tr>\n",
       "      <th>1</th>\n",
       "      <td>538000.0</td>\n",
       "      <td>3.0</td>\n",
       "      <td>2.25</td>\n",
       "      <td>2570.0</td>\n",
       "      <td>7242.0</td>\n",
       "      <td>2.0</td>\n",
       "      <td>0.0</td>\n",
       "      <td>0.0</td>\n",
       "      <td>3.0</td>\n",
       "      <td>7.0</td>\n",
       "      <td>2170.0</td>\n",
       "      <td>400.0</td>\n",
       "      <td>98125.0</td>\n",
       "      <td>47.7210</td>\n",
       "      <td>-122.319</td>\n",
       "      <td>1690.0</td>\n",
       "      <td>7639.0</td>\n",
       "      <td>63.0</td>\n",
       "      <td>40.0</td>\n",
       "    </tr>\n",
       "    <tr>\n",
       "      <th>2</th>\n",
       "      <td>180000.0</td>\n",
       "      <td>2.0</td>\n",
       "      <td>1.00</td>\n",
       "      <td>770.0</td>\n",
       "      <td>10000.0</td>\n",
       "      <td>1.0</td>\n",
       "      <td>0.0</td>\n",
       "      <td>0.0</td>\n",
       "      <td>3.0</td>\n",
       "      <td>6.0</td>\n",
       "      <td>770.0</td>\n",
       "      <td>0.0</td>\n",
       "      <td>98028.0</td>\n",
       "      <td>47.7379</td>\n",
       "      <td>-122.233</td>\n",
       "      <td>2720.0</td>\n",
       "      <td>8062.0</td>\n",
       "      <td>82.0</td>\n",
       "      <td>0.0</td>\n",
       "    </tr>\n",
       "    <tr>\n",
       "      <th>3</th>\n",
       "      <td>604000.0</td>\n",
       "      <td>4.0</td>\n",
       "      <td>3.00</td>\n",
       "      <td>1960.0</td>\n",
       "      <td>5000.0</td>\n",
       "      <td>1.0</td>\n",
       "      <td>0.0</td>\n",
       "      <td>0.0</td>\n",
       "      <td>5.0</td>\n",
       "      <td>7.0</td>\n",
       "      <td>1050.0</td>\n",
       "      <td>910.0</td>\n",
       "      <td>98136.0</td>\n",
       "      <td>47.5208</td>\n",
       "      <td>-122.393</td>\n",
       "      <td>1360.0</td>\n",
       "      <td>5000.0</td>\n",
       "      <td>49.0</td>\n",
       "      <td>0.0</td>\n",
       "    </tr>\n",
       "    <tr>\n",
       "      <th>4</th>\n",
       "      <td>510000.0</td>\n",
       "      <td>3.0</td>\n",
       "      <td>2.00</td>\n",
       "      <td>1680.0</td>\n",
       "      <td>8080.0</td>\n",
       "      <td>1.0</td>\n",
       "      <td>0.0</td>\n",
       "      <td>0.0</td>\n",
       "      <td>3.0</td>\n",
       "      <td>8.0</td>\n",
       "      <td>1680.0</td>\n",
       "      <td>0.0</td>\n",
       "      <td>98074.0</td>\n",
       "      <td>47.6168</td>\n",
       "      <td>-122.045</td>\n",
       "      <td>1800.0</td>\n",
       "      <td>7503.0</td>\n",
       "      <td>28.0</td>\n",
       "      <td>0.0</td>\n",
       "    </tr>\n",
       "  </tbody>\n",
       "</table>\n",
       "</div>"
      ],
      "text/plain": [
       "      price  bedrooms  bathrooms  sqft_living  sqft_lot  floors  waterfront  \\\n",
       "0  221900.0       3.0       1.00       1180.0    5650.0     1.0         0.0   \n",
       "1  538000.0       3.0       2.25       2570.0    7242.0     2.0         0.0   \n",
       "2  180000.0       2.0       1.00        770.0   10000.0     1.0         0.0   \n",
       "3  604000.0       4.0       3.00       1960.0    5000.0     1.0         0.0   \n",
       "4  510000.0       3.0       2.00       1680.0    8080.0     1.0         0.0   \n",
       "\n",
       "   view  condition  grade  sqft_above  sqft_basement  zipcode      lat  \\\n",
       "0   0.0        3.0    7.0      1180.0            0.0  98178.0  47.5112   \n",
       "1   0.0        3.0    7.0      2170.0          400.0  98125.0  47.7210   \n",
       "2   0.0        3.0    6.0       770.0            0.0  98028.0  47.7379   \n",
       "3   0.0        5.0    7.0      1050.0          910.0  98136.0  47.5208   \n",
       "4   0.0        3.0    8.0      1680.0            0.0  98074.0  47.6168   \n",
       "\n",
       "      long  sqft_living15  sqft_lot15   age  renov_age  \n",
       "0 -122.257         1340.0      5650.0  59.0        0.0  \n",
       "1 -122.319         1690.0      7639.0  63.0       40.0  \n",
       "2 -122.233         2720.0      8062.0  82.0        0.0  \n",
       "3 -122.393         1360.0      5000.0  49.0        0.0  \n",
       "4 -122.045         1800.0      7503.0  28.0        0.0  "
      ]
     },
     "execution_count": 7,
     "metadata": {},
     "output_type": "execute_result"
    }
   ],
   "source": [
    "#Converting date columns\n",
    "d = []\n",
    "for i in data['date'].values:\n",
    "    d.append(i[:4])  # Till year you are slicing\n",
    "    \n",
    "data['date'] = d\n",
    "\n",
    "#Converting all columns in float\n",
    "\n",
    "for i in data.columns:\n",
    "    data[i] = data[i].astype(float)\n",
    "    \n",
    "#make a new column age of the house\n",
    "\n",
    "data['age'] = data['date'] - data['yr_built']\n",
    "\n",
    "#calculate the total years of renovation\n",
    "\n",
    "data['renov_age'] = np.abs(data['yr_renovated'] - data['yr_built'])\n",
    "\n",
    "data['renov_age'] = data.renov_age.apply(lambda x : x if len(str(int(x))) == 2 else 0.0)\n",
    "\n",
    "#remove unwanted columns like yr_built , date ,id\n",
    "\n",
    "data.drop(['id','date','yr_built','yr_renovated'],axis = 1 , inplace = True)\n",
    "data.head()"
   ]
  },
  {
   "cell_type": "markdown",
   "metadata": {},
   "source": [
    "# Dealing With Highly Correlated Features"
   ]
  },
  {
   "cell_type": "code",
   "execution_count": 8,
   "metadata": {},
   "outputs": [
    {
     "data": {
      "text/html": [
       "<div>\n",
       "<style scoped>\n",
       "    .dataframe tbody tr th:only-of-type {\n",
       "        vertical-align: middle;\n",
       "    }\n",
       "\n",
       "    .dataframe tbody tr th {\n",
       "        vertical-align: top;\n",
       "    }\n",
       "\n",
       "    .dataframe thead th {\n",
       "        text-align: right;\n",
       "    }\n",
       "</style>\n",
       "<table border=\"1\" class=\"dataframe\">\n",
       "  <thead>\n",
       "    <tr style=\"text-align: right;\">\n",
       "      <th></th>\n",
       "      <th>price</th>\n",
       "      <th>bedrooms</th>\n",
       "      <th>bathrooms</th>\n",
       "      <th>sqft_living</th>\n",
       "      <th>sqft_lot</th>\n",
       "      <th>floors</th>\n",
       "      <th>waterfront</th>\n",
       "      <th>view</th>\n",
       "      <th>condition</th>\n",
       "      <th>grade</th>\n",
       "      <th>sqft_above</th>\n",
       "      <th>sqft_basement</th>\n",
       "      <th>zipcode</th>\n",
       "      <th>lat</th>\n",
       "      <th>long</th>\n",
       "      <th>sqft_living15</th>\n",
       "      <th>sqft_lot15</th>\n",
       "      <th>age</th>\n",
       "      <th>renov_age</th>\n",
       "    </tr>\n",
       "  </thead>\n",
       "  <tbody>\n",
       "    <tr>\n",
       "      <th>price</th>\n",
       "      <td>1.000000</td>\n",
       "      <td>0.308350</td>\n",
       "      <td>0.525138</td>\n",
       "      <td>0.702035</td>\n",
       "      <td>0.089661</td>\n",
       "      <td>0.256794</td>\n",
       "      <td>0.266369</td>\n",
       "      <td>0.397293</td>\n",
       "      <td>0.036362</td>\n",
       "      <td>0.667434</td>\n",
       "      <td>0.605416</td>\n",
       "      <td>0.323816</td>\n",
       "      <td>-0.053203</td>\n",
       "      <td>0.307003</td>\n",
       "      <td>0.021626</td>\n",
       "      <td>0.585379</td>\n",
       "      <td>0.082447</td>\n",
       "      <td>-0.053951</td>\n",
       "      <td>0.117200</td>\n",
       "    </tr>\n",
       "    <tr>\n",
       "      <th>bedrooms</th>\n",
       "      <td>0.308350</td>\n",
       "      <td>1.000000</td>\n",
       "      <td>0.515884</td>\n",
       "      <td>0.576671</td>\n",
       "      <td>0.031703</td>\n",
       "      <td>0.175429</td>\n",
       "      <td>-0.006582</td>\n",
       "      <td>0.079532</td>\n",
       "      <td>0.028472</td>\n",
       "      <td>0.356967</td>\n",
       "      <td>0.477479</td>\n",
       "      <td>0.303093</td>\n",
       "      <td>-0.152668</td>\n",
       "      <td>-0.008931</td>\n",
       "      <td>0.129473</td>\n",
       "      <td>0.391638</td>\n",
       "      <td>0.029244</td>\n",
       "      <td>-0.154324</td>\n",
       "      <td>0.016968</td>\n",
       "    </tr>\n",
       "    <tr>\n",
       "      <th>bathrooms</th>\n",
       "      <td>0.525138</td>\n",
       "      <td>0.515884</td>\n",
       "      <td>1.000000</td>\n",
       "      <td>0.754665</td>\n",
       "      <td>0.087740</td>\n",
       "      <td>0.500653</td>\n",
       "      <td>0.063744</td>\n",
       "      <td>0.187737</td>\n",
       "      <td>-0.124982</td>\n",
       "      <td>0.664983</td>\n",
       "      <td>0.685273</td>\n",
       "      <td>0.283770</td>\n",
       "      <td>-0.203866</td>\n",
       "      <td>0.024573</td>\n",
       "      <td>0.223042</td>\n",
       "      <td>0.568634</td>\n",
       "      <td>0.087175</td>\n",
       "      <td>-0.506407</td>\n",
       "      <td>0.045950</td>\n",
       "    </tr>\n",
       "    <tr>\n",
       "      <th>sqft_living</th>\n",
       "      <td>0.702035</td>\n",
       "      <td>0.576671</td>\n",
       "      <td>0.754665</td>\n",
       "      <td>1.000000</td>\n",
       "      <td>0.172826</td>\n",
       "      <td>0.353949</td>\n",
       "      <td>0.103818</td>\n",
       "      <td>0.284611</td>\n",
       "      <td>-0.058753</td>\n",
       "      <td>0.762704</td>\n",
       "      <td>0.876288</td>\n",
       "      <td>0.435043</td>\n",
       "      <td>-0.199430</td>\n",
       "      <td>0.052529</td>\n",
       "      <td>0.240223</td>\n",
       "      <td>0.756420</td>\n",
       "      <td>0.183286</td>\n",
       "      <td>-0.318488</td>\n",
       "      <td>0.045653</td>\n",
       "    </tr>\n",
       "    <tr>\n",
       "      <th>sqft_lot</th>\n",
       "      <td>0.089661</td>\n",
       "      <td>0.031703</td>\n",
       "      <td>0.087740</td>\n",
       "      <td>0.172826</td>\n",
       "      <td>1.000000</td>\n",
       "      <td>-0.005201</td>\n",
       "      <td>0.021604</td>\n",
       "      <td>0.074710</td>\n",
       "      <td>-0.008958</td>\n",
       "      <td>0.113621</td>\n",
       "      <td>0.183510</td>\n",
       "      <td>0.015286</td>\n",
       "      <td>-0.129574</td>\n",
       "      <td>-0.085683</td>\n",
       "      <td>0.229521</td>\n",
       "      <td>0.144608</td>\n",
       "      <td>0.718557</td>\n",
       "      <td>-0.052990</td>\n",
       "      <td>-0.001141</td>\n",
       "    </tr>\n",
       "    <tr>\n",
       "      <th>floors</th>\n",
       "      <td>0.256794</td>\n",
       "      <td>0.175429</td>\n",
       "      <td>0.500653</td>\n",
       "      <td>0.353949</td>\n",
       "      <td>-0.005201</td>\n",
       "      <td>1.000000</td>\n",
       "      <td>0.023698</td>\n",
       "      <td>0.029444</td>\n",
       "      <td>-0.263768</td>\n",
       "      <td>0.458183</td>\n",
       "      <td>0.523867</td>\n",
       "      <td>-0.245705</td>\n",
       "      <td>-0.059121</td>\n",
       "      <td>0.049614</td>\n",
       "      <td>0.125419</td>\n",
       "      <td>0.279885</td>\n",
       "      <td>-0.011269</td>\n",
       "      <td>-0.489640</td>\n",
       "      <td>0.009475</td>\n",
       "    </tr>\n",
       "    <tr>\n",
       "      <th>waterfront</th>\n",
       "      <td>0.266369</td>\n",
       "      <td>-0.006582</td>\n",
       "      <td>0.063744</td>\n",
       "      <td>0.103818</td>\n",
       "      <td>0.021604</td>\n",
       "      <td>0.023698</td>\n",
       "      <td>1.000000</td>\n",
       "      <td>0.401857</td>\n",
       "      <td>0.016653</td>\n",
       "      <td>0.082775</td>\n",
       "      <td>0.072076</td>\n",
       "      <td>0.080588</td>\n",
       "      <td>0.030285</td>\n",
       "      <td>-0.014274</td>\n",
       "      <td>-0.041910</td>\n",
       "      <td>0.086463</td>\n",
       "      <td>0.030703</td>\n",
       "      <td>0.026093</td>\n",
       "      <td>0.066727</td>\n",
       "    </tr>\n",
       "    <tr>\n",
       "      <th>view</th>\n",
       "      <td>0.397293</td>\n",
       "      <td>0.079532</td>\n",
       "      <td>0.187737</td>\n",
       "      <td>0.284611</td>\n",
       "      <td>0.074710</td>\n",
       "      <td>0.029444</td>\n",
       "      <td>0.401857</td>\n",
       "      <td>1.000000</td>\n",
       "      <td>0.045990</td>\n",
       "      <td>0.251321</td>\n",
       "      <td>0.167673</td>\n",
       "      <td>0.276947</td>\n",
       "      <td>0.084827</td>\n",
       "      <td>0.006157</td>\n",
       "      <td>-0.078400</td>\n",
       "      <td>0.280439</td>\n",
       "      <td>0.072575</td>\n",
       "      <td>0.053458</td>\n",
       "      <td>0.091207</td>\n",
       "    </tr>\n",
       "    <tr>\n",
       "      <th>condition</th>\n",
       "      <td>0.036362</td>\n",
       "      <td>0.028472</td>\n",
       "      <td>-0.124982</td>\n",
       "      <td>-0.058753</td>\n",
       "      <td>-0.008958</td>\n",
       "      <td>-0.263768</td>\n",
       "      <td>0.016653</td>\n",
       "      <td>0.045990</td>\n",
       "      <td>1.000000</td>\n",
       "      <td>-0.144674</td>\n",
       "      <td>-0.158195</td>\n",
       "      <td>0.174105</td>\n",
       "      <td>0.003026</td>\n",
       "      <td>-0.014941</td>\n",
       "      <td>-0.106500</td>\n",
       "      <td>-0.092824</td>\n",
       "      <td>-0.003406</td>\n",
       "      <td>0.360665</td>\n",
       "      <td>-0.058816</td>\n",
       "    </tr>\n",
       "    <tr>\n",
       "      <th>grade</th>\n",
       "      <td>0.667434</td>\n",
       "      <td>0.356967</td>\n",
       "      <td>0.664983</td>\n",
       "      <td>0.762704</td>\n",
       "      <td>0.113621</td>\n",
       "      <td>0.458183</td>\n",
       "      <td>0.082775</td>\n",
       "      <td>0.251321</td>\n",
       "      <td>-0.144674</td>\n",
       "      <td>1.000000</td>\n",
       "      <td>0.755781</td>\n",
       "      <td>0.168392</td>\n",
       "      <td>-0.184862</td>\n",
       "      <td>0.114084</td>\n",
       "      <td>0.198372</td>\n",
       "      <td>0.713202</td>\n",
       "      <td>0.119248</td>\n",
       "      <td>-0.447415</td>\n",
       "      <td>0.009081</td>\n",
       "    </tr>\n",
       "    <tr>\n",
       "      <th>sqft_above</th>\n",
       "      <td>0.605416</td>\n",
       "      <td>0.477479</td>\n",
       "      <td>0.685273</td>\n",
       "      <td>0.876288</td>\n",
       "      <td>0.183510</td>\n",
       "      <td>0.523867</td>\n",
       "      <td>0.072076</td>\n",
       "      <td>0.167673</td>\n",
       "      <td>-0.158195</td>\n",
       "      <td>0.755781</td>\n",
       "      <td>1.000000</td>\n",
       "      <td>-0.052204</td>\n",
       "      <td>-0.261038</td>\n",
       "      <td>-0.000914</td>\n",
       "      <td>0.343760</td>\n",
       "      <td>0.731729</td>\n",
       "      <td>0.194051</td>\n",
       "      <td>-0.424347</td>\n",
       "      <td>0.010148</td>\n",
       "    </tr>\n",
       "    <tr>\n",
       "      <th>sqft_basement</th>\n",
       "      <td>0.323816</td>\n",
       "      <td>0.303093</td>\n",
       "      <td>0.283770</td>\n",
       "      <td>0.435043</td>\n",
       "      <td>0.015286</td>\n",
       "      <td>-0.245705</td>\n",
       "      <td>0.080588</td>\n",
       "      <td>0.276947</td>\n",
       "      <td>0.174105</td>\n",
       "      <td>0.168392</td>\n",
       "      <td>-0.052204</td>\n",
       "      <td>1.000000</td>\n",
       "      <td>0.074845</td>\n",
       "      <td>0.110538</td>\n",
       "      <td>-0.144765</td>\n",
       "      <td>0.200355</td>\n",
       "      <td>0.017276</td>\n",
       "      <td>0.132865</td>\n",
       "      <td>0.075818</td>\n",
       "    </tr>\n",
       "    <tr>\n",
       "      <th>zipcode</th>\n",
       "      <td>-0.053203</td>\n",
       "      <td>-0.152668</td>\n",
       "      <td>-0.203866</td>\n",
       "      <td>-0.199430</td>\n",
       "      <td>-0.129574</td>\n",
       "      <td>-0.059121</td>\n",
       "      <td>0.030285</td>\n",
       "      <td>0.084827</td>\n",
       "      <td>0.003026</td>\n",
       "      <td>-0.184862</td>\n",
       "      <td>-0.261038</td>\n",
       "      <td>0.074845</td>\n",
       "      <td>1.000000</td>\n",
       "      <td>0.267048</td>\n",
       "      <td>-0.564072</td>\n",
       "      <td>-0.279033</td>\n",
       "      <td>-0.147221</td>\n",
       "      <td>0.346864</td>\n",
       "      <td>0.071398</td>\n",
       "    </tr>\n",
       "    <tr>\n",
       "      <th>lat</th>\n",
       "      <td>0.307003</td>\n",
       "      <td>-0.008931</td>\n",
       "      <td>0.024573</td>\n",
       "      <td>0.052529</td>\n",
       "      <td>-0.085683</td>\n",
       "      <td>0.049614</td>\n",
       "      <td>-0.014274</td>\n",
       "      <td>0.006157</td>\n",
       "      <td>-0.014941</td>\n",
       "      <td>0.114084</td>\n",
       "      <td>-0.000914</td>\n",
       "      <td>0.110538</td>\n",
       "      <td>0.267048</td>\n",
       "      <td>1.000000</td>\n",
       "      <td>-0.135512</td>\n",
       "      <td>0.048858</td>\n",
       "      <td>-0.086419</td>\n",
       "      <td>0.147647</td>\n",
       "      <td>0.033734</td>\n",
       "    </tr>\n",
       "    <tr>\n",
       "      <th>long</th>\n",
       "      <td>0.021626</td>\n",
       "      <td>0.129473</td>\n",
       "      <td>0.223042</td>\n",
       "      <td>0.240223</td>\n",
       "      <td>0.229521</td>\n",
       "      <td>0.125419</td>\n",
       "      <td>-0.041910</td>\n",
       "      <td>-0.078400</td>\n",
       "      <td>-0.106500</td>\n",
       "      <td>0.198372</td>\n",
       "      <td>0.343760</td>\n",
       "      <td>-0.144765</td>\n",
       "      <td>-0.564072</td>\n",
       "      <td>-0.135512</td>\n",
       "      <td>1.000000</td>\n",
       "      <td>0.334605</td>\n",
       "      <td>0.254451</td>\n",
       "      <td>-0.409323</td>\n",
       "      <td>-0.076260</td>\n",
       "    </tr>\n",
       "    <tr>\n",
       "      <th>sqft_living15</th>\n",
       "      <td>0.585379</td>\n",
       "      <td>0.391638</td>\n",
       "      <td>0.568634</td>\n",
       "      <td>0.756420</td>\n",
       "      <td>0.144608</td>\n",
       "      <td>0.279885</td>\n",
       "      <td>0.086463</td>\n",
       "      <td>0.280439</td>\n",
       "      <td>-0.092824</td>\n",
       "      <td>0.713202</td>\n",
       "      <td>0.731729</td>\n",
       "      <td>0.200355</td>\n",
       "      <td>-0.279033</td>\n",
       "      <td>0.048858</td>\n",
       "      <td>0.334605</td>\n",
       "      <td>1.000000</td>\n",
       "      <td>0.183192</td>\n",
       "      <td>-0.326552</td>\n",
       "      <td>-0.012424</td>\n",
       "    </tr>\n",
       "    <tr>\n",
       "      <th>sqft_lot15</th>\n",
       "      <td>0.082447</td>\n",
       "      <td>0.029244</td>\n",
       "      <td>0.087175</td>\n",
       "      <td>0.183286</td>\n",
       "      <td>0.718557</td>\n",
       "      <td>-0.011269</td>\n",
       "      <td>0.030703</td>\n",
       "      <td>0.072575</td>\n",
       "      <td>-0.003406</td>\n",
       "      <td>0.119248</td>\n",
       "      <td>0.194051</td>\n",
       "      <td>0.017276</td>\n",
       "      <td>-0.147221</td>\n",
       "      <td>-0.086419</td>\n",
       "      <td>0.254451</td>\n",
       "      <td>0.183192</td>\n",
       "      <td>1.000000</td>\n",
       "      <td>-0.070954</td>\n",
       "      <td>-0.000929</td>\n",
       "    </tr>\n",
       "    <tr>\n",
       "      <th>age</th>\n",
       "      <td>-0.053951</td>\n",
       "      <td>-0.154324</td>\n",
       "      <td>-0.506407</td>\n",
       "      <td>-0.318488</td>\n",
       "      <td>-0.052990</td>\n",
       "      <td>-0.489640</td>\n",
       "      <td>0.026093</td>\n",
       "      <td>0.053458</td>\n",
       "      <td>0.360665</td>\n",
       "      <td>-0.447415</td>\n",
       "      <td>-0.424347</td>\n",
       "      <td>0.132865</td>\n",
       "      <td>0.346864</td>\n",
       "      <td>0.147647</td>\n",
       "      <td>-0.409323</td>\n",
       "      <td>-0.326552</td>\n",
       "      <td>-0.070954</td>\n",
       "      <td>1.000000</td>\n",
       "      <td>0.236057</td>\n",
       "    </tr>\n",
       "    <tr>\n",
       "      <th>renov_age</th>\n",
       "      <td>0.117200</td>\n",
       "      <td>0.016968</td>\n",
       "      <td>0.045950</td>\n",
       "      <td>0.045653</td>\n",
       "      <td>-0.001141</td>\n",
       "      <td>0.009475</td>\n",
       "      <td>0.066727</td>\n",
       "      <td>0.091207</td>\n",
       "      <td>-0.058816</td>\n",
       "      <td>0.009081</td>\n",
       "      <td>0.010148</td>\n",
       "      <td>0.075818</td>\n",
       "      <td>0.071398</td>\n",
       "      <td>0.033734</td>\n",
       "      <td>-0.076260</td>\n",
       "      <td>-0.012424</td>\n",
       "      <td>-0.000929</td>\n",
       "      <td>0.236057</td>\n",
       "      <td>1.000000</td>\n",
       "    </tr>\n",
       "  </tbody>\n",
       "</table>\n",
       "</div>"
      ],
      "text/plain": [
       "                  price  bedrooms  bathrooms  sqft_living  sqft_lot    floors  \\\n",
       "price          1.000000  0.308350   0.525138     0.702035  0.089661  0.256794   \n",
       "bedrooms       0.308350  1.000000   0.515884     0.576671  0.031703  0.175429   \n",
       "bathrooms      0.525138  0.515884   1.000000     0.754665  0.087740  0.500653   \n",
       "sqft_living    0.702035  0.576671   0.754665     1.000000  0.172826  0.353949   \n",
       "sqft_lot       0.089661  0.031703   0.087740     0.172826  1.000000 -0.005201   \n",
       "floors         0.256794  0.175429   0.500653     0.353949 -0.005201  1.000000   \n",
       "waterfront     0.266369 -0.006582   0.063744     0.103818  0.021604  0.023698   \n",
       "view           0.397293  0.079532   0.187737     0.284611  0.074710  0.029444   \n",
       "condition      0.036362  0.028472  -0.124982    -0.058753 -0.008958 -0.263768   \n",
       "grade          0.667434  0.356967   0.664983     0.762704  0.113621  0.458183   \n",
       "sqft_above     0.605416  0.477479   0.685273     0.876288  0.183510  0.523867   \n",
       "sqft_basement  0.323816  0.303093   0.283770     0.435043  0.015286 -0.245705   \n",
       "zipcode       -0.053203 -0.152668  -0.203866    -0.199430 -0.129574 -0.059121   \n",
       "lat            0.307003 -0.008931   0.024573     0.052529 -0.085683  0.049614   \n",
       "long           0.021626  0.129473   0.223042     0.240223  0.229521  0.125419   \n",
       "sqft_living15  0.585379  0.391638   0.568634     0.756420  0.144608  0.279885   \n",
       "sqft_lot15     0.082447  0.029244   0.087175     0.183286  0.718557 -0.011269   \n",
       "age           -0.053951 -0.154324  -0.506407    -0.318488 -0.052990 -0.489640   \n",
       "renov_age      0.117200  0.016968   0.045950     0.045653 -0.001141  0.009475   \n",
       "\n",
       "               waterfront      view  condition     grade  sqft_above  \\\n",
       "price            0.266369  0.397293   0.036362  0.667434    0.605416   \n",
       "bedrooms        -0.006582  0.079532   0.028472  0.356967    0.477479   \n",
       "bathrooms        0.063744  0.187737  -0.124982  0.664983    0.685273   \n",
       "sqft_living      0.103818  0.284611  -0.058753  0.762704    0.876288   \n",
       "sqft_lot         0.021604  0.074710  -0.008958  0.113621    0.183510   \n",
       "floors           0.023698  0.029444  -0.263768  0.458183    0.523867   \n",
       "waterfront       1.000000  0.401857   0.016653  0.082775    0.072076   \n",
       "view             0.401857  1.000000   0.045990  0.251321    0.167673   \n",
       "condition        0.016653  0.045990   1.000000 -0.144674   -0.158195   \n",
       "grade            0.082775  0.251321  -0.144674  1.000000    0.755781   \n",
       "sqft_above       0.072076  0.167673  -0.158195  0.755781    1.000000   \n",
       "sqft_basement    0.080588  0.276947   0.174105  0.168392   -0.052204   \n",
       "zipcode          0.030285  0.084827   0.003026 -0.184862   -0.261038   \n",
       "lat             -0.014274  0.006157  -0.014941  0.114084   -0.000914   \n",
       "long            -0.041910 -0.078400  -0.106500  0.198372    0.343760   \n",
       "sqft_living15    0.086463  0.280439  -0.092824  0.713202    0.731729   \n",
       "sqft_lot15       0.030703  0.072575  -0.003406  0.119248    0.194051   \n",
       "age              0.026093  0.053458   0.360665 -0.447415   -0.424347   \n",
       "renov_age        0.066727  0.091207  -0.058816  0.009081    0.010148   \n",
       "\n",
       "               sqft_basement   zipcode       lat      long  sqft_living15  \\\n",
       "price               0.323816 -0.053203  0.307003  0.021626       0.585379   \n",
       "bedrooms            0.303093 -0.152668 -0.008931  0.129473       0.391638   \n",
       "bathrooms           0.283770 -0.203866  0.024573  0.223042       0.568634   \n",
       "sqft_living         0.435043 -0.199430  0.052529  0.240223       0.756420   \n",
       "sqft_lot            0.015286 -0.129574 -0.085683  0.229521       0.144608   \n",
       "floors             -0.245705 -0.059121  0.049614  0.125419       0.279885   \n",
       "waterfront          0.080588  0.030285 -0.014274 -0.041910       0.086463   \n",
       "view                0.276947  0.084827  0.006157 -0.078400       0.280439   \n",
       "condition           0.174105  0.003026 -0.014941 -0.106500      -0.092824   \n",
       "grade               0.168392 -0.184862  0.114084  0.198372       0.713202   \n",
       "sqft_above         -0.052204 -0.261038 -0.000914  0.343760       0.731729   \n",
       "sqft_basement       1.000000  0.074845  0.110538 -0.144765       0.200355   \n",
       "zipcode             0.074845  1.000000  0.267048 -0.564072      -0.279033   \n",
       "lat                 0.110538  0.267048  1.000000 -0.135512       0.048858   \n",
       "long               -0.144765 -0.564072 -0.135512  1.000000       0.334605   \n",
       "sqft_living15       0.200355 -0.279033  0.048858  0.334605       1.000000   \n",
       "sqft_lot15          0.017276 -0.147221 -0.086419  0.254451       0.183192   \n",
       "age                 0.132865  0.346864  0.147647 -0.409323      -0.326552   \n",
